0.021055
0.00261963
0.00976405
0.0198831
0.01096
0.129119
0.00418474
0.00522469
0.00724499
0.0126109
0.00504586
0.00801573
0.00819786
0.0186125
0.0165858
0.0709175
0.0512989
0.0108683
0.0141142
0.0050784
0.0165872
0.0835101
0.08499
0.0242971
0.00823676
0.00956949
0.141912
0.00261348
0.265951
0.0130131
0.0449626
0.036654
0.0645626
0.00582806
0.00347085
0.208911
0.0229251
0.02705
0.00456962
0.0378398
0.0662027
0.059083
0.0857638
0.0150108
0.0867715
0.0565633
0.0283185
0.0452405
0.0879745
0.0181974
0.0100398
0.00285303
0.00630077
0.023016
0.0167824
0.0276646
0.045286
0.00378673
0.00609336
0.021055
0.0266119
0.108462
0.0249477
0.0137997
0.00424653
0.0967463
0.0387376
0.00931582
0.00480435
0.0639631
0.0169621
0.0302062
0.021055
0.0617664
0.0271306
0.0299858
0.0024863
0.0128187
0.00672337
0.0190998
0.0112243
0.0153982
0.00371561
0.00929277
0.0142081
0.0367883
0.014857
0.00435715
0.0483834
0.0826034
0.0284501
0.00391124
0.0184782
0.0335829
0.0419928
0.00458348
0.0189689
0.0083932
0.203354
0.150781
0.0171605
0.0199042
0.0149284
0.013006
0.024748
0.012155
0.0189324
0.058947
0.00908574
0.00550416
0.0605145
0.0106166
0.0919573
0.0680747
0.00425636
0.0288254
0.0134899
0.022366
0.0924302
0.145443
0.0360368
0.00564988
0.0381786
0.153196
0.0270225
0.00720637
0.00615785
0.0177898
0.144469
0.212439
0.00286304
0.190702
0.0428696
0.00283441
0.0437473
0.0194385
0.0212404
0.312732
0.00915383
0.0129902
0.00267218
0.108315
0.0395134
0.113684
0.0154332
0.231151
0.0170357
0.00386469
0.16039
0.168001
0.00477335
0.0439239
0.0938226
0.00478027
0.0275829
0.0174991
0.0123713
0.00267005
0.100357
0.0255118
0.208023
0.00447989
0.0484608
0.00843292
0.00486571
0.106536
0.0366013
0.0132835
0.0356761
0.0301889
0.0201501
0.032431
0.00425045
0.105327
0.00577753
0.255649
0.0168369
0.180268
0.062592
0.00366811
0.0037227
0.0135345
0.0297208
0.0348636
0.0305262
0.00894135
0.00462342
0.013574
0.00551874
0.00945393
0.021055
0.035683
0.00562963
0.0044539
0.021272
0.00943855
0.156932
0.00259516
0.00488969
0.00428056
0.00366946
0.171759
0.00971455
0.00416308
0.0233299
0.0208494
0.0071119
0.169746
0.0600717
0.111924
0.0095586
0.0199042
0.00485463
0.0674397
0.075228
0.0144399
0.0367096
0.0108775
0.0127462
0.00721963
0.170727
0.0039928
0.278347
0.0122098
0.0311303
0.0298352
0.00792577
0.00925513
0.033191
0.0238659
0.00677208
0.0253547
0.0166015
0.0325513
0.013436
0.0290451
0.0275929
0.0322426
0.212903
0.0157282
0.0183045
0.00513491
0.0339186
0.00460487
0.0883103
0.00842976
0.0244892
0.0215163
0.173003
0.00474177
0.00347792
0.0172487
0.00634068
0.0307047
0.249905
0.0136934
0.0183981
0.00472406
0.00351251
0.0132282
0.00942012
0.0121044
0.00916965
0.00427003
0.00458662
0.00285002
0.148691
0.00653938
0.0158194
0.037915
0.006666
0.0507295
0.00478394
0.0169019
0.00583911
0.0211735
0.0189172
0.0185878
0.0257176
0.0046354
0.17875
0.170439
0.00399998
0.113476
0.00823295
0.0355736
0.0121015
0.00313729
0.204337
0.0270599
0.222576
0.00462411
0.233174
0.0112262
0.174746
0.0121981
0.00768575
0.0164999
0.235022
0.155985
0.0726363
0.11424
0.0248148
0.0165302
0.00393062
0.00788921
0.0158085
0.00832517
0.105479
0.00680624
0.0199042
0.0482364
0.0390327
0.0186105
0.00529866
0.0270022
0.0403871
0.0678703
0.00773546
0.0186808
0.0099194
0.00407533
0.00330366
0.0873034
0.00645808
0.00839618
0.00440566
0.0505918
0.0182919
0.0320906
0.199113
0.103189
0.0358096
0.00286478
0.00312391
0.0971661
0.00247186
0.00346144
0.00598167
0.0187262
0.00699553
0.0101679
0.0060661
0.0261144
0.0330898
0.00489888
0.0279558
0.00934105
0.0376768
0.0423922
0.0494091
0.0157535
0.156489
0.00984522
0.0168441
0.0365135
0.107935
0.0168929
0.0156402
0.0094205
0.0102986
0.247242
0.0358179
0.00554634
0.005701
0.0230331
0.0661894
0.062843
0.0917147
0.13551
0.0115574
0.0255402
0.048539
0.0117117
0.00371923
0.0275425
0.00467425
0.0567387
0.139766
0.058857
0.0462465
0.0347185
0.00402425
0.00613221
0.0251154
0.009689
0.00900573
0.0194516
0.0368032
0.0177898
0.00843781
0.00965921
0.0117743
0.0209982
0.17468
0.0429672
0.0108087
0.0073049
0.0330832
0.0147312
0.00283123
0.023665
0.00464858
0.00274146
0.00350703
0.00440014
0.00931204
0.221971
0.0293897
0.00420514
0.00392751
0.00447584
0.00270638
0.0167824
0.106418
0.00477866
0.0275355
0.0419974
0.0325983
0.0208987
0.023083
0.0175491
0.00594452
0.0234972
0.0717465
0.0369594
0.0163155
0.00880557
0.0295434
0.00991411
0.0026184
0.0199042
0.0161103
0.0992313
0.0522601
0.0101156
0.00463569
0.0806709
0.115847
0.078372
0.00428099
0.0078888
0.103927
0.0113845
0.00450265
0.00686563
0.191407
0.00280025
0.00463357
0.0324473
0.00265039
0.00451303
0.208532
0.0171154
0.0146402
0.00404357
0.148948
0.00897905
0.0113486
0.0470792
0.143612
0.209026
0.0030317
0.00921996
0.114609
0.0769496
0.0110929
0.016231
0.00510679
0.0173823
0.0247161
0.0050042
0.0446856
0.0425961
0.00835055
0.0453703
0.0362241
0.0323208
0.0101915
0.0520343
0.223327
0.0379441
0.0392404
0.0311701
0.0157471
0.00248963
0.0199042
0.00944788
0.00551292
0.0869711
0.201804
0.00923921
0.0303668
0.0184134
0.00549772
0.00829577
0.0853925
0.0374025
0.00337427
0.0199042
0.0468991
0.00364328
0.0038257
0.0167991
0.0171243
0.00935654
0.10556
0.00992191
0.00419114
0.00575157
0.0179343
0.0366363
0.0346433
0.00503148
0.0105959
0.00250155
0.0795582
0.0122823
0.0163008
0.0135632
0.0117794
0.0288945
0.00462049
0.0241653
0.0049779
0.00571342
0.00982301
0.102143
0.0646423
0.0556181
0.00452578
0.0353838
0.0144508
0.0248104
0.00585131
0.0112476
0.00755704
0.00360757
0.055625
0.186211
0.00641494
0.0234107
0.0103153
0.125304
0.0183636
0.142562
0.0201437
0.00656893
0.00653938
0.0105346
0.0199232
0.00318565
0.0339519
0.208253
0.00377452
0.00285452
0.0659808
0.00934809
0.103041
0.435137
0.11928
0.00499007
0.195546
0.0229259
0.00266707
0.0177898
0.00701438
0.00497158
0.00506731
0.137227
0.086387
0.125936
0.00890959
0.0327944
0.0552333
0.207286
0.13689
0.244281
0.00366887
0.0166152
0.0106308
0.0235831
0.0247114
0.00447014
0.0229769
0.014049
0.0109071
0.00273298
0.0142302
0.0289039
0.0157581
0.0224212
0.00287575
0.0103325
0.0186408
0.00350196
0.018975
0.0106483
0.0200065
0.193728
0.0177878
0.0189132
0.0119929
0.143774
0.00428512
0.0505019
0.0684802
0.0084401
0.00582692
0.0092311
0.0834646
0.0370015
0.00412259
0.0234388
0.0376831
0.021353
0.00347085
0.0123348
0.0323725
0.0223075
0.0414635
0.00440918
0.0216892
0.00963243
0.0591997
0.0355963
0.00368296
0.0366253
0.00701697
0.00275758
0.0426357
0.0469606
0.0506869
0.0100979
0.00895311
0.0474637
0.0123195
0.0208723
0.0231733
0.00315352
0.320417
0.0689401
0.0298005
0.00469365
0.0101305
0.0227257
0.00595155
0.0191677
0.0187315
0.00619398
0.0170357
0.00430494
0.0361261
0.0163839
0.0115144
0.00457359
0.112772
0.00456297
0.0356326
0.00364608
0.00369338
0.0310818
0.00417049
0.00264541
0.216401
0.00851025
0.107109
0.00440998
0.11043
0.00636982
0.00480559
0.00784851
0.0167034
0.00458761
0.00735508
0.023542
0.108471
0.00617878
0.103924
0.00266316
0.037987
0.00369643
0.0521812
0.00294844
0.00377451
0.00656502
0.0792325
0.00824802
0.0308939
0.0452486
0.0196152
0.0172926
0.00280062
0.0117914
0.0124273
0.00505535
0.229118
0.0103305
0.0310465
0.00396588
0.00494402
0.0852821
0.0318069
0.0154923
0.0410131
0.0109466
0.0212148
0.00886231
0.0207768
0.150182
0.0157953
0.104568
0.0321319
0.0184959
0.021929
0.0162944
0.0856455
0.056789
0.0206717
0.0468562
0.00730717
0.0142769
0.00370367
0.0369113
0.0136245
0.0804682
0.0199042
0.00278115
0.00939938
0.0281792
0.258235
0.0440877
0.0107068
0.0077064
0.0113944
0.0171243
0.00383035
0.00350689
0.00803583
0.0265927
0.040681
0.00411049
0.00833637
0.0685386
0.010951
0.00925774
0.0182971
0.0187664
0.0281691
0.0176442
0.0622899
0.0222573
0.0259842
0.128738
0.00511839
0.00510677
0.169351
0.0325164
0.00285638
0.00633511
0.0330738
0.0118402
0.031149
0.00770207
0.0348438
0.0103533
0.0225758
0.00491404
0.00982301
0.00480932
0.037301
0.00917053
0.037644
0.015199
0.0255321
0.00511129
0.00668097
0.0945671
0.0139756
0.0268104
0.00970792
0.00438472
0.0441882
0.0334758
0.00552481
0.0247039
0.00286656
0.0162787
0.0630959
0.166304
0.00532859
0.0120638
0.0830916
0.255678
0.00477157
0.0310126
0.142076
0.11508
0.00889999
0.0281055
0.00965821
0.00385471
0.181676
0.0117195
0.00708923
0.0924222
0.0367289
0.0102945
0.00487137
0.011358
0.0144662
0.0105572
0.0391833
0.0433071
0.202663
0.156603
0.0664308
0.0158085
0.0247039
0.0154191
0.0293948
0.0235392
0.0103517
0.240356
0.0326339
0.00338202
0.168045
0.0303902
0.0161552
0.0412363
0.00579094
0.00293515
0.0200704
0.0025654
0.048113
0.00617099
0.00359283
0.158318
0.00939313
0.021055
0.10871
0.00921633
0.00831485
0.00438782
0.0175446
0.0078505
0.0374096
0.0139608
0.0808317
0.0178746
0.0105594
0.0165302
0.0142603
0.00286765
0.0936706
0.0318803
0.00417303
0.070125
0.0130153
0.0864897
0.0630183
0.0791363
0.172575
0.0435574
0.0309693
0.0198343
0.032804
0.0113153
0.191351
0.061495
0.00390128
0.210752
0.143612
0.0124456
0.00689723
0.0342309
0.212001
0.0408438
0.0363939
0.156923
0.0315468
0.0378387
0.0105428
0.00464471
0.0106309
0.0152457
0.00437069
0.034231
0.30439
0.19678
0.279366
0.00410265
0.0257948
0.0249864
0.0115967
0.0087866
0.0432695
0.0470131
0.00974505
0.0515765
0.00379047
0.0165858
0.00421034
0.0111908
0.0393463
0.0154068
0.209765
0.0397062
0.0146511
0.0591833
0.00649501
0.0749938
0.0112967
0.0136847
0.00401864
0.0836256
0.0136145
0.11043
0.0181769
0.00377758
0.00424572
0.0123952
0.0338421
0.0586667
0.170727
0.0692911
0.00921633
0.01348
0.0302451
0.0221474
0.00535269
0.0222429
0.00256069
0.00481682
0.0390031
0.0154805
0.0049321
0.00293976
0.00399574
0.00591697
0.0676285
0.115405
0.0116843
0.0101182
0.023665
0.00540749
0.00335568
0.0216234
0.016551
0.0225925
0.0744808
0.141582
0.0159751
0.0178665
0.021055
0.00904679
0.0140732
0.00707722
0.00783922
0.0108622
0.209128
0.00771958
0.00968056
0.0424662
0.0274501
0.0211051
0.0247373
0.00246019
0.00810704
0.00692756
0.00362266
0.0943841
0.107849
0.0110725
0.262069
0.173003
0.0358263
0.00653938
0.0053526
0.0242648
0.00881175
0.0124426
0.0355933
0.176992
0.0148979
0.0984184
0.00574529
0.0559415
0.00929277
0.00329932
0.0295676
0.0639027
0.00351506
0.0108045
0.221872
0.00386696
0.108251
0.00484555
0.0255797
0.0381178
0.00450849
0.178137
0.0105057
0.172193
0.0192976
0.00762344
0.00540381
0.155902
0.046308
0.0158085
0.0230153
0.0317338
0.00508937
0.00952832
0.00973104
0.00262104
0.00596347
0.0104481
0.00493308
0.0371884
0.641507
0.0263704
0.225038
0.187437
0.0326062
0.00498798
0.00418196
0.00929277
0.038225
0.00425045
0.00908579
0.0108488
0.0335651
0.0758988
0.0511086
0.0112151
0.0241913
0.0120405
0.00355226
0.034651
0.0160012
0.139181
0.00528682
0.00406054
0.0330351
0.00865071
0.0574098
0.00514631
0.07931
0.155985
0.0189816
0.00438531
0.00801626
0.0769071
0.0366064
0.00354724
0.0281778
0.0772802
0.2252
0.0196015
0.0039786
0.00329131
0.0948215
0.00359333
0.00340314
0.00364938
0.00609878
0.0112628
0.0122301
0.0197775
0.0841392
0.0167394
0.0163486
0.0109485
0.0303374
0.0199415
0.0178851
0.00782395
0.129156
0.0265966
0.0406502
0.00957958
0.0354381
0.00307514
0.00504544
0.0043422
0.0237688
0.00887438
0.0102318
0.00692505
0.243396
0.0518574
0.00278699
0.00367419
0.021055
0.0705865
0.0177455
0.0149279
0.0166335
0.0070437
0.146061
0.00441956
0.00828876
0.0433036
0.00267337
0.00688234
0.036134
0.0205076
0.00369681
0.0226685
0.0318002
0.163288
0.0149863
0.00561837
0.103665
0.00444414
0.00308768
0.0365806
0.012396
0.161234
0.0284849
0.00750739
0.0121701
0.0282524
0.0117579
0.108446
0.0303128
0.0704466
0.00555167
0.0822449
0.231096
0.0185104
0.238728
0.0270654
0.00832565
0.00485819
0.00827861
0.0100103
0.0605218
0.021055
0.012091
0.022468
0.117251
0.021055
0.18385
0.00364531
0.00283441
0.0105641
0.0927639
0.0179343
0.143289
0.0647718
0.0203633
0.00441588
0.043318
0.0258987
0.0105824
0.0165302
0.00349638
0.137808
0.169061
0.0977276
0.0239452
0.0124032
0.0336439
0.0163694
0.0122637
0.0372721
0.00365231
0.0121862
0.204836
0.012155
0.0284007
0.0159328
0.0584975
0.00990618
0.0983609
0.00359132
0.0639853
0.312723
0.0166853
0.0266621
0.0306776
0.00546482
0.00312218
0.0159738
0.225238
0.0392969
0.00536472
0.0049749
0.00554016
0.004144
0.489951
0.110869
0.0100756
0.00568492
0.0373705
0.00884635
0.134583
0.260889
0.00427003
0.0242525
0.0243306
0.00620638
0.0203617
0.0175426
0.0177243
0.0200609
0.0290854
0.0113611
0.074882
0.0106117
0.00371457
0.00848871
0.0106546
0.015093
0.0508127
0.00349687
0.00957235
0.0111204
0.0025591
0.0136992
0.0388543
0.0561572
0.00735754
0.0367188
0.00360293
0.180516
0.0274467
0.0113742
0.021055
0.00499835
0.107268
0.0230993
0.017858
0.00545081
0.0410455
0.0028523
0.0124015
0.0435378
0.0191509
0.0240814
0.00865039
0.0357266
0.00990525
0.00268504
0.0451096
0.00366167
0.0537331
0.00282118
0.0170691
0.0671764
0.00410325
0.0301307
0.0275425
0.00248212
0.0116496
0.00574626
0.235038
0.228267
0.158885
0.18148
0.00864417
0.174546
0.142496
0.192005
0.0355616
0.00517113
0.00702231
0.0053405
0.00417049
0.0680934
0.11662
0.00481235
0.0113706
0.00517644
0.0757749
0.00287667
0.0199042
0.0134604
0.00719276
0.166556
0.233094
0.0163293
0.0240948
0.242693
0.021055
0.00362682
0.00378767
0.00758565
0.00608804
0.0457775
0.00707628
0.180297
0.00273131
0.00587931
0.00927289
0.0247517
0.0404444
0.0407538
0.00956311
0.00321313
0.0219382
0.00453135
0.0645919
0.00652352
0.0077064
0.0301636
0.0238165
0.0038114
0.00521047
0.0230643
0.0189685
0.214911
0.0491787
0.00248212
0.0027914
0.216585
0.0339519
0.0222658
0.100117
0.0570688
0.196628
0.00929277
0.00768736
0.177486
0.0114655
0.150611
0.00410517
0.011275
0.00890289
0.0167991
0.102381
0.229031
0.0124937
0.0120953
0.0382227
0.0177252
0.0149788
0.0120071
0.016478
0.0398902
0.0423302
0.0462476
0.0185299
0.00260214
0.00248334
0.0177898
0.0115426
0.00653938
0.0462757
0.0128131
0.0321173
0.00414577
0.00575729
0.13978
0.00854649
0.0186587
0.00365479
0.039202
0.0370046
0.0584331
0.0158232
0.00351506
0.011369
0.178036
0.0448476
0.0158085
0.057575
0.00514094
0.0768014
0.00494105
0.0429825
0.0238432
0.00354171
0.00258527
0.0249841
0.0267017
0.135137
0.00663975
0.00331023
0.00709033
0.00314473
0.0106471
0.00454355
0.0494783
0.0513586
0.0327944
0.0288741
0.0374413
0.0108401
0.021055
0.0201088
0.019399
0.0139498
0.015362
0.0360571
0.00512457
0.00452654
0.0424007
0.0165858
0.00527991
0.17195
0.00578109
0.0110336
0.00360169
0.0272182
0.00401291
0.00261131
0.00494136
0.0292132
0.278583
0.029988
0.00413965
0.149097
0.0136515
0.0413796
0.0177849
0.00257111
0.0426952
0.00920411
0.0243234
0.0638165
0.0163839
0.0132047
0.0199954
0.00649603
0.0318203
0.00454362
0.0516293
0.00295195
0.0418015
0.0334826
0.0063608
0.0201062
0.00934645
0.00991411
0.0681585
0.0059071
0.0766779
0.00854696
0.0248753
0.00509936
0.00445389
0.0111377
0.00453843
0.0291661
0.0130765
0.01423
0.016362
0.0063408
0.0842187
0.142836
0.0203795
0.0363228
0.0158085
0.0251088
0.00288678
0.0844079
0.00761183
0.00509109
0.0768565
0.00278501
0.0215159
0.0323175
0.00576619
0.00747503
0.104473
0.00384338
0.0269832
0.103362
0.025418
0.0191332
0.0463301
0.0190845
0.044479
0.00776758
0.0227256
0.0555395
0.193827
0.00845456
0.00597171
0.043492
0.148664
0.082799
0.00274955
0.00717067
0.00674066
0.00772187
0.00365604
0.0178838
0.0327944
0.0181292
0.00496521
0.0158244
0.0575788
0.00456941
0.0035134
0.0025654
0.166908
0.0414626
0.0221849
0.00383217
0.00521138
0.203369
0.0324465
0.105024
0.0472113
0.251926
0.00285683
0.00311085
0.00559886
0.06058
0.00417303
0.00508061
0.0240778
0.00424972
0.00646944
0.146061
0.0416583
0.18385
0.0418667
0.0192478
0.00294328
0.0373883
0.00909243
0.0428386
0.021055
0.00420162
0.0122637
0.00651536
0.0103801
0.0027355
0.0424179
0.0246087
0.0126367
0.0163263
0.16062
0.0711256
0.0612642
0.032869
0.0111137
0.00450687
0.033072
0.0028115
0.0170696
0.00358555
0.0729368
0.00709525
0.0111064
0.0134627
0.0402963
0.00820833
0.00458066
0.014757
0.0172306
0.0238024
0.0050537
0.00370124
0.0211247
0.0189816
0.0408268
0.260395
0.0101684
0.00622548
0.0060028
0.0154204
0.0194516
0.169186
0.202565
0.0400761
0.0123406
0.0410202
0.010849
0.0554674
0.00338237
0.0463021
0.0224359
0.15175
0.0139586
0.10211
0.0359477
0.0332112
0.0163614
0.006493
0.00766616
0.0189721
0.024656
0.00459259
0.0342952
0.0251622
0.0688009
0.219518
0.0525002
0.136897
0.101873
0.242165
0.032087
0.0414482
0.00751945
0.00799361
0.0215278
0.00514094
0.0206129
0.101747
0.141933
0.0406125
0.0289867
0.0267355
0.0364345
0.0052292
0.0255857
0.0146961
0.0596174
0.026956
0.0072175
0.0291067
0.0221244
0.00763318
0.273048
0.0761717
0.0124402
0.0647663
0.0192324
0.0626303
0.00844176
0.0550262
0.0416309
0.0284703
0.00543875
0.00386796
0.0133576
0.00350257
0.0655521
0.121991
0.00655476
0.0185739
0.0100611
0.0112736
0.0537738
0.177954
0.00352756
0.0107063
0.0177898
0.0136532
0.202877
0.00636859
0.189322
0.00876608
0.0348058
0.110869
0.0083198
0.00312865
0.0196091
0.00600558
0.0405595
0.00475209
0.0369412
0.173396
0.00347085
0.0158085
0.0941378
0.0325706
0.00605055
0.214052
0.0155405
0.00493122
0.00510503
0.00478999
0.238115
0.086243
0.00351506
0.0315468
0.0758941
0.0167991
0.00863367
0.0500225
0.00275692
0.0158085
0.0515777
0.00397613
0.00450243
0.144414
0.134067
0.00366887
0.123506
0.0209808
0.0167754
0.0638151
0.00508942
0.0264706
0.0354779
0.149207
0.0115634
0.0168179
0.00810697
0.0168871
0.00343522
0.021055
0.0168369
0.126735
0.0382255
0.0585192
0.06858
0.0286501
0.169061
0.0241098
0.0321173
0.00524902
0.0100527
0.00582996
0.0116011
0.073536
0.0245826
0.0249405
0.0252175
0.0101816
0.0385791
0.0027047
0.0112697
0.0123483
0.0112011
0.00570814
0.0195771
0.00406073
0.00550752
0.0166152
0.0072999
0.00280324
0.0433377
0.0483348
0.182113
0.0152932
0.0235627
0.00398748
0.021055
0.0187641
0.158399
0.00569713
0.00289907
0.163288
0.0116005
0.0409378
0.00701792
0.0343611
0.00602929
0.00528094
0.0165981
0.00261828
0.00386852
0.0121822
0.0217461
0.0120447
0.00864741
0.00451752
0.0185838
0.24607
0.00419785
0.0219537
0.00499591
0.0500677
0.00705228
0.185722
0.00451576
0.0977993
0.00525019
0.0077161
0.0136212
0.00933343
0.0303176
0.00985548
0.03702
0.00399957
0.0176204
0.236435
0.0163839
0.0058745
0.0094482
0.00995757
0.0132631
0.0101447
0.0144748
0.00280051
0.00663525
0.0132798
0.0257442
0.00724168
0.0534319
0.271526
0.00356328
0.160574
0.0308893
0.162929
0.243562
0.0118809
0.104339
0.00353217
0.0181399
0.0118402
0.0268604
0.00578079
0.00399567
0.0191537
0.00642256
0.0832855
0.171166
0.0119348
0.0180289
0.0261903
0.00997143
0.00789991
0.021055
0.00405734
0.0179083
0.00444187
0.0257014
0.0525687
0.0349912
0.00775816
0.00260107
0.0538166
0.0176638
0.00438037
0.208429
0.0164609
0.0103992
0.0440184
0.0112465
0.0095598
0.0154496
0.011555
0.0248779
0.00485074
0.00511866
0.266587
0.0246966
0.0160654
0.0889713
0.00655031
0.154194
0.0372507
0.0110123
0.00762004
0.218001
0.00801129
0.0233884
0.0142547
0.00446112
0.0322552
0.00355358
0.00311832
0.018348
0.0495449
0.0288119
0.0132291
0.0334501
0.0037944
0.0567267
0.0049942
0.156269
0.0138098
0.168599
0.00422175
0.021055
0.00492513
0.00494136
0.0908028
0.16217
0.139251
0.360519
0.0211414
0.0212148
0.00435988
0.0538506
0.017234
0.154215
0.00530446
0.00580779
0.0392596
0.107188
0.232469
0.004229
0.0786234
0.00368917
0.0165478
0.0909382
0.0175855
0.00736521
0.00896754
0.00279927
0.0214843
0.0337187
0.021055
0.0229607
0.0103251
0.00713251
0.179465
0.00374248
0.0126533
0.0412383
0.0648771
0.0537416
0.02761
0.0327236
0.0236696
0.0211051
0.00621449
0.00472194
0.155454
0.0530792
0.0336671
0.0388804
0.00393567
0.0132668
0.0102657
0.023375
0.042482
0.0115362
0.00852378
0.0546939
0.0215062
0.0035435
0.00622646
0.0036229
0.00894501
0.135075
0.00331622
0.0155014
0.0149594
0.0240077
0.0351782
0.12876
0.00310332
0.0684802
0.013703
0.00542028
0.00332901
0.00377531
0.00374093
0.0282883
0.0125151
0.00849046
0.0098882
0.017619
0.011999
0.00472884
0.0123868
0.106055
0.00386935
0.0109967
0.0075099
0.0508033
0.114902
0.0211015
0.031988
0.00940185
0.187806
0.246626
0.0307937
0.00437596
0.00892814
0.0046523
0.0470082
0.00546776
0.00778355
0.0288764
0.0295153
0.0417733
0.0805568
0.00420514
0.00478387
0.0702845
0.0269858
0.035641
0.0116581
0.03392
0.00719842
0.00506506
0.00514094
0.0320094
0.00820361
0.00265616
0.0366589
0.120081
0.00349638
0.0350998
0.00652491
0.0105364
0.169061
0.00270033
0.0623258
0.00516609
0.00521991
0.0065861
0.110008
0.0325918
0.0167061
0.0313058
0.00385323
0.0829858
0.00401065
0.0269405
0.0252329
0.00639874
0.0071267
0.0136592
0.0355062
0.0393038
0.00340944
0.00656537
0.0104131
0.142287
0.0184761
0.0344466
0.021055
0.0296816
0.00423078
0.00740205
0.0217144
0.00540589
0.0352125
0.145476
0.0586178
0.163599
0.0164414
0.00527653
0.00968989
0.0342952
0.0209968
0.00483274
0.185722
0.0197645
0.016458
0.0485995
0.00407781
0.00859003
0.00934045
0.15526
0.00502584
0.00482236
0.0455635
0.00349248
0.00819135
0.0231346
0.0160747
0.00280324
0.0516061
0.0362655
0.00425896
0.0262393
0.10895
0.114919
0.191296
0.00664256
0.0842128
0.0197942
0.021055
0.143612
0.0184196
0.0684743
0.00960393
0.0103823
0.00697274
0.00840185
0.00737815
0.120964
0.0124301
0.00599128
0.0817085
0.0165302
0.0165302
0.108264
0.267125
0.00377686
0.0110835
0.0772802
0.0190644
0.0210659
0.0727586
0.178506
0.0200905
0.0098103
0.0108618
0.00800536
0.0338985
0.152119
0.0109306
0.00431645
0.0951928
0.00541757
0.00549224
0.00609848
0.118171
0.00991411
0.00430285
0.041925
0.00414271
0.00564459
0.184036
0.0175325
0.0216709
0.280422
0.00446155
0.00517113
0.00283997
0.00616336
0.00451576
0.0154529
0.00414041
0.00951926
0.21596
0.0204169
0.00248987
0.0175444
0.0025279
0.0354221
0.0604444
0.00477802
0.06025
0.210858
0.00449417
0.01853
0.0190591
0.0228365
0.00565395
0.00620189
0.0133703
0.00357956
0.0391204
0.00761296
0.00903251
0.0149199
0.0059383
0.0106483
0.00505815
0.0746785
0.0217039
0.00440723
0.03164
0.0224672
0.0941109
0.0114925
0.0211703
0.00444112
0.0157953
0.00444341
0.0499613
0.00505423
0.00259472
0.0414635
0.00493536
0.00862127
0.00635153
0.0792936
0.00242477
0.0040325
0.0243234
0.00409251
0.216226
0.00555226
0.004117
0.0297713
0.0187262
0.014463
0.0232167
0.0363833
0.0194032
0.00437573
0.00741706
0.0122984
0.00494136
0.0917953
0.0185581
0.208336
0.0357521
0.00773735
0.00302135
0.00290937
0.146061
0.00971843
0.0069964
0.0145931
0.00634993
0.00603017
0.0168551
0.0162023
0.00271019
0.0264064
0.00914407
0.123506
0.0285356
0.021055
0.00557372
0.0245586
0.289083
0.00349485
0.00925664
0.00844142
0.0247991
0.233678
0.107268
0.0626826
0.00547897
0.0172926
0.00437175
0.00266399
0.0102901
0.0186556
0.00602941
0.0152269
0.0337396
0.0537346
0.0601098
0.0132121
0.00404729
0.020124
0.0108272
0.201885
0.104285
0.026717
0.0423366
0.00824329
0.0582325
0.0190985
0.225911
0.0347021
0.0114879
0.0240876
0.00467604
0.00571494
0.00708739
0.0859918
0.00406676
0.011121
0.0294621
0.00637631
0.00826065
0.0693801
0.0378583
0.0196801
0.0154012
0.0121811
0.0252175
0.00982721
0.0110272
0.0301438
0.00291207
0.0941353
0.0149209
0.00641739
0.18148
0.0216599
0.00693903
0.0116303
0.0106536
0.0757581
0.033358
0.0065216
0.0185065
0.00367747
0.031066
0.0350001
0.00482054
0.00704788
0.0294325
0.0395154
0.0635411
0.0121615
0.243066
0.00464022
0.0182302
0.0239356
0.0085273
0.224103
0.00626515
0.0198943
0.00514094
0.019663
0.00918084
0.0108555
0.00292416
0.0846675
0.00985918
0.00502899
0.061655
0.022221
0.00643991
0.00747708
0.191249
0.00476683
0.0051332
0.00349687
0.00854087
0.185903
0.00694988
0.0085299
0.018027
0.0430965
0.00440566
0.0147886
0.0339984
0.0101182
0.00976405
0.00419268
0.0109145
0.0231097
0.0383261
0.0091563
0.0116999
0.00545635
0.00454997
0.00842091
0.0235065
0.00464799
0.0103445
0.00423078
0.0125112
0.00947001
0.0767022
0.00475313
0.027634
0.00641628
0.0099049
0.00445389
0.0120012
0.0395223
0.00825667
0.295986
0.0171815
0.0110261
0.00356664
0.00517113
0.0116239
0.00938599
0.0167824
0.021664
0.0163634
0.0291582
0.160698
0.00251899
0.0199042
0.00464228
0.0177898
0.275567
0.021055
0.00598708
0.0251871
0.0151696
0.0249085
0.021519
0.00256229
0.242217
0.00261205
0.0208922
0.00513317
0.00695542
0.0272129
0.00520697
0.00868046
0.00468023
0.173781
0.00682171
0.216261
0.0646353
0.00265644
0.00677208
0.0137705
0.0039799
0.207016
0.102585
0.181627
0.0906232
0.0158085
0.00772162
0.0681982
0.0195808
0.00829855
0.00910021
0.00661676
0.00799431
0.00257408
0.00962784
0.00883267
0.0100496
0.00477942
0.0313585
0.00962784
0.0118106
0.0386886
0.0115426
0.0158085
0.035455
0.235911
0.0323584
0.0182606
0.00617305
0.0191385
0.0062259
0.00377171
0.452911
0.0057461
0.251777
0.00269054
0.030639
0.125265
0.10041
0.019725
0.0146399
0.118126
0.0129414
0.00443725
0.006271
0.0133333
0.00516573
0.0113486
0.00514657
0.0437249
0.0268779
0.00247361
0.00725398
0.0109037
0.0120602
0.0133382
0.0245181
0.00307502
0.00439932
0.119921
0.0174497
0.0089491
0.0199042
0.272164
0.00424639
0.00433462
0.0699357
0.0197953
0.0106483
0.0364031
0.00843973
0.0116685
0.00367152
0.0753184
0.00930676
0.00525765
0.0200202
0.0106019
0.014137
0.0164472
0.0323285
0.0186265
0.261833
0.155985
0.0498025
0.00502234
0.0337778
0.0116781
0.0514194
0.058741
0.00504049
0.00407259
0.0305778
0.0205783
0.0093739
0.00446409
0.0043777
0.0501343
0.0641101
0.0111827
0.00466068
0.0101447
0.156375
0.0042224
0.0105955
0.0198387
0.0177898
0.0281676
0.0358219
0.050093
0.0178148
0.0198169
0.00827798
0.00434849
0.0287867
0.052839
0.038833
0.00905633
0.00718321
0.0167257
0.0153505
0.0199758
0.0115753
0.0100255
0.181542
0.0178467
0.0557344
0.00323222
0.012144
0.00262883
0.00371457
0.104556
0.0152255
0.00492098
0.215213
0.00272673
0.00556604
0.00591053
0.142433
0.00532053
0.00550082
0.0180815
0.0499573
0.058857
0.0035524
0.009479
0.00477269
0.0162346
0.0326768
0.00423078
0.00256306
0.00947001
0.00697413
0.0186817
0.0453691
0.0403324
0.00559468
0.0060677
0.012155
0.0106338
0.021055
0.0091431
0.00360533
0.0119827
0.020708
0.0098103
0.0165858
0.025648
0.0244096
0.0167991
0.0282077
0.00564322
0.0732615
0.00702575
0.0199042
0.169502
0.0279828
0.126332
0.00994406
0.0173489
0.00413524
0.00431925
0.177013
0.222148
0.018862
0.0048348
0.0404752
0.138368
0.00996051
0.00439611
0.00990393
0.00241048
0.0118374
0.0153733
0.0737726
0.0332355
0.00292773
0.0144609
0.0402254
0.00754547
0.00480268
0.0252175
0.0215671
0.00856174
0.00439558
0.00497671
0.0129214
0.0344029
0.0402588
0.00436573
0.0179694
0.0229282
0.00457782
0.0382402
0.0292023
0.157039
0.142136
0.0213414
0.00457516
0.0776052
0.204136
0.00389148
0.0838337
0.0325966
0.00373614
0.159587
0.0148972
0.00465644
0.021055
0.0187315
0.021055
0.0567366
0.00471536
0.0129567
0.014142
0.0100585
0.00485984
0.146866
0.0330019
0.00933336
0.0114097
0.0944951
0.158412
0.00932377
0.00898468
0.0232315
0.0369371
0.0518244
0.00737666
0.0740254
0.0351009
0.0747969
0.223935
0.0122637
0.00301646
0.0105727
0.0420793
0.032447
0.0187008
0.0119076
0.0167824
0.0136586
0.00610361
0.00907101
0.156489
0.0157617
0.00288468
0.00602778
0.00701115
0.162129
0.0285359
0.00458157
0.230546
0.0151991
0.0124594
0.186784
0.013026
0.0077359
0.00434622
0.00495917
0.0235701
0.00696126
0.0276215
0.228767
0.024997
0.00378907
0.00429909
0.0237306
0.0457175
0.0046337
0.00432611
0.00893609
0.00806088
0.00672974
0.0589493
0.0519062
0.0047886
0.0921817
0.0119938
0.00668505
0.0187009
0.0205682
0.0169659
0.00841615
0.0701793
0.0176051
0.0252175
0.0124674
0.00889051
0.00667356
0.00247496
0.0668609
0.0188384
0.00516609
0.235455
0.00302098
0.0448137
0.105866
0.0174521
0.00521193
0.00448284
0.00662893
0.00902264
0.00358099
0.00845416
0.00653938
0.00870954
0.0051295
0.00776594
0.0514194
0.0251679
0.0267836
0.0456181
0.0189718
0.0581891
0.00982301
0.231096
0.0355671
0.021055
0.00413303
0.387687
0.142347
0.00693472
0.0133622
0.0191964
0.0243581
0.0320615
0.00283628
0.05341
0.0100405
0.0410964
0.0252175
0.0628114
0.00678685
0.025705
0.00860335
0.00763031
0.00478999
0.0179873
0.00366897
0.00547788
0.163647
0.151592
0.00919829
0.0121183
0.00622526
0.0214191
0.0225925
0.00859979
0.00283628
0.00799844
0.00768076
0.0922681
0.00660062
0.00569582
0.0356001
0.00432835
0.0532953
0.0819751
0.00347792
0.00306413
0.00624031
0.00434912
0.00839633
0.00696229
0.0064134
0.030199
0.00554688
0.0220134
0.006479
0.0139868
0.052897
0.00276891
0.0671382
0.00445389
0.00647638
0.00278705
0.0561674
0.00691977
0.0144113
0.0118272
0.0046075
0.373871
0.0112728
0.0177252
0.00269637
0.0443719
0.0667684
0.00702231
0.0142082
0.0136582
0.00707585
0.0695245
0.0312821
0.0743391
0.0109287
0.0131279
0.00471614
0.041222
0.0978234
0.00508193
0.028687
0.0276404
0.038884
0.00299616
0.103008
0.0126734
0.012396
0.00299208
0.0391586
0.00689574
0.0300246
0.0270435
0.0112011
0.0354208
0.218138
0.00560973
0.0122789
0.0202135
0.00719715
0.0171136
0.181542
0.0403827
0.0481938
0.162047
0.00941392
0.00666997
0.0158935
0.0240918
0.0132889
0.0950112
0.00645653
0.0072487
0.268246
0.00388496
0.043414
0.0119901
0.0320088
0.00635993
0.0258213
0.0912081
0.0348189
0.00842057
0.0335026
0.0568813
0.0241983
0.0168369
0.0162146
0.00352921
0.0927058
0.00294999
0.0062323
0.115116
0.0823492
0.00793602
0.190833
0.0128702
0.00914166
0.0252175
0.0781172
0.00957722
0.208429
0.00464074
0.0318199
0.224458
0.254104
0.00257111
0.0044266
0.00805228
0.0277541
0.010731
0.0434825
0.0353208
0.0188536
0.0151028
0.00416505
0.0190515
0.0252329
0.0116886
0.0219952
0.029767
0.00424846
0.0692464
0.00268282
0.0429198
0.00871827
0.020658
0.00459533
0.00522161
0.00264503
0.0175966
0.00247361
0.00241048
0.0174126
0.00999248
0.00289767
0.0161891
0.0189784
0.00588419
0.00320427
0.00700547
0.00866883
0.0106536
0.0108842
0.0069328
0.00519678
0.00303084
0.00322841
0.0189476
0.00458837
0.0163886
0.00996353
0.218276
0.0321412
0.021055
0.0170548
0.00389369
0.106124
0.00550896
0.00461133
0.00955291
0.00427003
0.111616
0.0115213
0.0201796
0.0378764
0.0102928
0.0333735
0.0264057
0.00639129
0.259773
0.0553404
0.00389613
0.027067
0.00685851
0.0194516
0.0200454
0.00570299
0.00328418
0.0900633
0.0120354
0.0132557
0.021055
0.0602643
0.00353217
0.019065
0.00718093
0.189728
0.0411203
0.00412259
0.0129001
0.021055
0.00416308
0.011304
0.0110768
0.0116685
0.0156352
0.00414577
0.00961447
0.0309119
0.0345526
0.0030961
0.0243473
0.0204583
0.0437736
0.0300146
0.00959714
0.0721247
0.00268421
0.00554137
0.119805
0.0225234
0.00453055
0.0105556
0.0112011
0.170143
0.149276
0.0346255
0.0605991
0.0224037
0.00569315
0.00737258
0.12597
0.00261122
0.0194202
0.0254334
0.0047478
0.0198629
0.289303
0.00378255
0.00333317
0.0360255
0.017613
0.0120588
0.0536753
0.0113486
0.0113353
0.0271118
0.180297
0.00712702
0.00927464
0.0166966
0.00914998
0.0565497
0.00901433
0.0202876
0.036654
0.013217
0.0278578
0.0321739
0.145868
0.00545781
0.0390096
0.00887442
0.036654
0.180516
0.110593
0.125942
0.0496603
0.0302794
0.090161
0.0822173
0.00483766
0.00424357
0.0878983
0.00266254
0.00925421
0.0120236
0.00395276
0.00514895
0.0698111
0.0252329
0.0579335
0.00637594
0.151675
0.00996608
0.0460528
0.0318249
0.0655407
0.00990571
0.205316
0.060252
0.00999579
0.00315462
0.0177466
0.00797256
0.00929277
0.00563795
0.0125896
0.0356278
0.00478999
0.0846354
0.0437463
0.168427
0.0286524
0.0527264
0.00386483
0.00422158
0.00893609
0.0448673
0.173871
0.034816
0.00448335
0.00695568
0.00301382
0.0173856
0.0124624
0.0185299
0.0181851
0.0125787
0.0818259
0.0106998
0.0112011
0.0259374
0.298411
0.0367933
0.0415888
0.0197723
0.00351506
0.0246504
0.00396549
0.00369727
0.238654
0.0130413
0.0374342
0.00818074
0.0119334
0.052699
0.0071492
0.107343
0.0905928
0.115359
0.00562187
0.00950023
0.00611414
0.100143
0.021055
0.00500766
0.00530183
0.00552976
0.0187635
0.0593146
0.0407739
0.0127338
0.0362028
0.011024
0.0233555
0.0999727
0.00574222
0.0344036
0.0315617
0.00475983
0.0417838
0.0560781
0.0107402
0.0172188
0.0029372
0.0123532
0.186784
0.038721
0.00289429
0.00683106
0.0168369
0.00852621
0.0156412
0.0470082
0.00256699
0.00256229
0.0426224
0.103572
0.0336671
0.00521076
0.0087812
0.00729086
0.0252189
0.0191102
0.024836
0.0105138
0.0495887
0.0753796
0.0108175
0.00483026
0.00283306
0.00478432
0.0297824
0.00248963
0.0160813
0.0105813
0.0124724
0.00361858
0.314302
0.00491566
0.00279487
0.00358255
0.0101483
0.0133249
0.0115426
0.0432709
0.11043
0.0353845
0.0039765
0.00304171
0.00667218
0.025939
0.165804
0.142042
0.0515246
0.0218012
0.00671195
0.24682
0.00396646
0.00626391
0.00374486
0.00391436
0.0128314
0.025716
0.00427384
0.00440566
0.0226195
0.0359606
0.0358475
0.0250729
0.022787
0.0035583
0.0113337
0.0233074
0.182401
0.0328844
0.137227
0.0112347
0.0247153
0.00433838
0.0482205
0.00781444
0.236299
0.0794858
0.0278261
0.00462932
0.00536813
0.0149016
0.0328613
0.114671
0.0288767
0.0115426
0.134137
0.00933811
0.0934462
0.00429637
0.0033716
0.019579
0.023094
0.00458837
0.00241878
0.00586336
0.0513387
0.221622
0.262803
0.00482647
0.0993523
0.0344529
0.00975705
0.0105752
0.0267781
0.192064
0.0918602
0.058857
0.0116425
0.0112513
0.0391073
0.0220081
0.0144238
0.00246804
0.141658
0.0652381
0.0455367
0.0324229
0.00907721
0.00779938
0.182946
0.0180495
0.00400153
0.147386
0.0245925
0.0199017
0.021055
0.0158854
0.213266
0.0085832
0.00274008
0.00355825
0.00723805
0.063039
0.0380829
0.0547738
0.191394
0.123179
0.0158085
0.0159451
0.239839
0.0101528
0.059392
0.0448001
0.187381
0.00740874
0.0991251
0.0126767
0.00872553
0.0248968
0.00264104
0.0158085
0.0049201
0.0108801
0.00652579
0.0925105
0.215132
0.00400449
0.00421611
0.0254377
0.0172921
0.0888369
0.021055
0.0100863
0.00422592
0.00274527
0.00483274
0.03237
0.0823617
0.00248212
0.107477
0.00761824
0.0239452
0.0169659
0.00273804
0.00483188
0.138447
0.0181292
0.0314959
0.021055
0.00966928
0.021055
0.0300395
0.0171253
0.00382412
0.343186
0.0089352
0.00361135
0.0138797
0.00301739
0.00867659
0.0121773
0.0343611
0.0102789
0.00913297
0.00684277
0.0177311
0.039822
0.0300861
0.17677
0.0489397
0.00938599
0.00464746
0.169825
0.0276771
0.00353217
0.065067
0.00704005
0.128699
0.0880061
0.0264103
0.00633799
0.00820692
0.0145046
0.00488341
0.0164306
0.0105136
0.0252109
0.2353
0.00265233
0.0158637
0.0621837
0.0158085
0.00448973
0.0175516
0.00493199
0.0243306
0.0174842
0.0907291
0.0131636
0.106654
0.0194385
0.0631437
0.00292885
0.00426964
0.00307491
0.00967803
0.00267488
0.00606013
0.0233674
0.256448
0.0198196
0.00917946
0.0194908
0.0325545
0.00516514
0.00268504
0.00413749
0.021055
0.157936
0.155985
0.00464977
0.00752862
0.174122
0.0219825
0.097194
0.00803021
0.104228
0.00818976
0.00672266
0.00450849
0.0075099
0.00610006
0.0651323
0.0451336
0.00275385
0.00630144
0.00761653
0.0163922
0.0492275
0.0707952
0.056946
0.0339519
0.00606969
0.00911675
0.00653426
0.021055
0.237675
0.00488155
0.0369131
0.0323796
0.0298059
0.017956
0.23806
0.0121086
0.0241188
0.0299321
0.0897878
0.048575
0.0436209
0.0346264
0.0158519
0.0028914
0.0261907
0.0299936
0.00578877
0.00575888
0.0239381
0.0372697
0.0472634
0.00349248
0.0220766
0.0243578
0.0108555
0.0426826
0.00861237
0.00377991
0.0062616
0.0126338
0.0403333
0.00535376
0.00965578
0.0140526
0.00896317
0.00772162
0.00419407
0.013735
0.00611468
0.0841787
0.0104694
0.0418009
0.0114215
0.0263247
0.00275273
0.00450849
0.0184824
0.11043
0.0698032
0.00607058
0.00338964
0.0287065
0.207478
0.00437417
0.0193363
0.0135061
0.0103576
0.00454383
0.0817901
0.00444341
0.00436389
0.216836
0.0084708
0.0208889
0.0211233
0.00415157
0.0227114
0.00722749
0.035591
0.00963865
0.00511331
0.181542
0.017705
0.00781631
0.119133
0.0115
0.00372734
0.0119334
0.0359361
0.0232305
0.0183045
0.00378546
0.00596252
0.0263558
0.00639683
0.0243346
0.00352756
0.00650458
0.00383216
0.0320863
0.0704037
0.0041612
0.00437354
0.0251872
0.00996884
0.00457359
0.049352
0.00885943
0.0323663
0.00448004
0.0094274
0.0348582
0.00302203
0.021055
0.00384828
0.00957419
0.00872718
0.00741725
0.207999
0.0455089
0.00287063
0.0178851
0.0974464
0.00462144
0.240841
0.00515201
0.00405032
0.0870939
0.200133
0.0198692
0.194371
0.0117599
0.0202623
0.0260172
0.0243306
0.023665
0.0280162
0.00340413
0.0226791
0.137158
0.305358
0.180297
0.0120532
0.0114925
0.00930745
0.0580009
0.0186432
0.0584098
0.0286803
0.00451999
0.0166357
0.224103
0.0816762
0.00390826
0.0803275
0.00471994
0.032788
0.0177704
0.0204859
0.013386
0.0169244
0.0169549
0.021055
0.00372949
0.169061
0.029881
0.00607516
0.0113942
0.0279175
0.00608254
0.00538372
0.0147364
0.247924
0.0114406
0.00443302
0.00272966
0.209128
0.0627765
0.00356306
0.00297867
0.0344494
0.0316624
0.027708
0.181489
0.00869113
0.0229392
0.0213018
0.0203022
0.016458
0.00886244
0.0352203
0.0709587
0.0258582
0.00763291
0.00978603
0.0172793
0.00380878
0.0118873
0.108975
0.0152739
0.00442933
0.0325353
0.0392853
0.0556541
0.0318918
0.0194437
0.0101157
0.0372057
0.0151128
0.020459
0.0312393
0.154215
0.0077064
0.00495853
0.0264435
0.0247071
0.0046535
0.0159257
0.0895908
0.047296
0.0053652
0.0515478
0.00499297
0.0251141
0.0044026
0.0124021
0.0307372
0.0697671
0.016903
0.021055
0.212737
0.795472
0.0181292
0.0701025
0.039425
0.00485887
0.0102577
0.0983541
0.0224882
0.0259781
0.0124555
0.0224067
0.0705456
0.00976243
0.021055
0.0225315
0.0977011
0.00797054
0.065703
0.0303702
0.0177898
0.00800615
0.169825
0.0308189
0.0218768
0.00406183
0.0259054
0.0278676
0.00468235
0.00410937
0.0187284
0.010554
0.0176243
0.0276593
0.00272246
0.0648555
0.0189331
0.194371
0.00648372
0.0830327
0.224209
0.064928
0.208497
0.00473394
0.00964755
0.00716518
0.00444477
0.235467
0.00661144
0.0415978
0.0823872
0.00778116
0.00625439
0.163378
0.00469799
0.00478095
0.00724628
0.00379004
0.0228205
0.0429785
0.00347085
0.0267781
0.0841937
0.046752
0.0444604
0.034414
0.00255033
0.00483204
0.00938599
0.163288
0.00692827
0.00434324
0.0265919
0.00355782
0.142836
0.00347792
0.00283628
0.151592
0.107343
0.0087342
0.0120114
0.0246487
0.160142
0.0318189
0.190134
0.156527
0.0177898
0.0537346
0.00629182
0.181542
0.00399959
0.0163074
0.0351604
0.00379997
0.00757694
0.0120405
0.00601357
0.0121019
0.0119348
0.00653938
0.0153505
0.0195881
0.00424567
0.0051665
0.0299461
0.0128299
0.107564
0.00690784
0.0214317
0.0127303
0.0050769
0.0667415
0.0101173
0.0199042
0.00279826
0.0187148
0.0455471
0.00285002
0.0108318
0.0198813
0.0349511
0.103529
0.185722
0.115339
0.0308146
0.00908119
0.0179406
0.0297251
0.00578703
0.0512252
0.221622
0.0038422
0.0353492
0.0243066
0.175373
0.00488084
0.00294868
0.00921633
0.0173509
0.0234946
0.185722
0.0380216
0.00506073
0.0277574
0.00707897
0.0248465
0.225171
0.0117093
0.209853
0.0243239
0.126481
0.0126767
0.0115144
0.0190207
0.0052152
0.0270406
0.00428755
0.106402
0.00778368
0.0313998
0.0161891
0.00823839
0.0484127
0.0577214
0.213442
0.0134875
0.0290637
0.00567935
0.20167
0.00354734
0.0150053
0.155985
0.097714
0.156603
0.0239452
0.00686163
0.29464
0.00659626
0.0254818
0.0877819
0.0356782
0.00890334
0.189961
0.00637958
0.00991411
0.00889369
0.00540297
0.0291675
0.0174683
0.1838
0.0049973
0.0690863
0.00532363
0.0034524
0.0186903
0.0233764
0.121048
0.0491295
0.265604
0.0766072
0.0316105
0.021693
0.00426183
0.00751944
0.00476388
0.00367211
0.00924795
0.0187262
0.00451576
0.011348
0.0593055
0.0414635
0.0174164
0.00963276
0.181542
0.0267244
0.0154805
0.0142924
0.0791632
0.00561882
0.0334241
0.00555329
0.108251
0.00938429
0.0260112
0.125809
0.0430777
0.0727849
0.00775636
0.00452931
0.169178
0.0187584
0.0125716
0.143293
0.00421553
0.112831
0.0193872
0.0289835
0.00590284
0.0152216
0.0400761
0.00851081
0.0485247
0.0066847
0.176155
0.0111903
0.00357517
0.0156207
0.0421166
0.0685133
0.00267446
0.029424
0.00954357
0.0101447
0.0464901
0.14083
0.155815
0.0560266
0.00700575
0.132536
0.0101783
0.00368747
0.114215
0.0253595
0.00935628
0.0296323
0.00562379
0.0252175
0.0276215
0.0106486
0.0104858
0.11043
0.0251872
0.00458564
0.217294
0.0312156
0.00945263
0.00921947
0.00457782
0.0242264
0.0216088
0.00283808
0.0234606
0.00914251
0.0117981
0.0438286
0.00435748
0.00638306
0.0325966
0.0290474
0.0124298
0.0602169
0.0460549
0.0379428
0.0217456
0.00932659
0.0523803
0.0167024
0.0221391
0.0137595
0.022757
0.0195517
0.0290374
0.0027066
0.0061702
0.114275
0.0657636
0.0192414
0.00729485
0.037166
0.0220791
0.00453443
0.249097
0.0113282
0.00243841
0.0229607
0.0228892
0.0172805
0.00364932
0.020241
0.0990448
0.0520529
0.0238726
0.00652586
0.00464621
0.0177898
0.00419145
0.0359735
0.00567613
0.0167824
0.027469
0.0133913
0.00345414
0.180297
0.005905
0.00349179
0.0597251
0.00775738
0.0305818
0.021055
0.00531649
0.0331751
0.0393026
0.00543997
0.00303168
0.0139525
0.0195865
0.0554919
0.216022
0.00379417
0.0179881
0.0119334
0.00509894
0.00494585
0.021055
0.0596132
0.00510074
0.00263405
0.0454325
0.0177898
0.0153945
0.0454708
0.0338304
0.00527072
0.081226
0.0134888
0.0233498
0.00631569
0.00289729
0.0379869
0.108682
0.0072245
0.227437
0.201439
0.0165302
0.0238152
0.286038
0.00647481
0.0708907
0.0252175
0.00963076
0.0198753
0.0339387
0.121716
0.00317234
0.309234
0.00839749
0.0284609
0.0414672
0.0192657
0.084242
0.123589
0.0238183
0.00366887
0.172575
0.0301106
0.0435707
0.0069347
0.248003
0.0108272
0.0152817
0.0225146
0.0699026
0.0153461
0.00340944
0.0840383
0.0285557
0.0314107
0.00283392
0.00460677
0.0391156
0.0814247
0.143621
0.0266115
0.00476907
0.0060689
0.0252175
0.0100408
0.0447661
0.0590097
0.0339315
0.00676287
0.0748459
0.00309863
0.128916
0.00387772
0.0626396
0.00456297
0.0159571
0.0069664
0.00532225
0.0697647
0.290741
0.00247361
0.0120258
0.0776105
0.053062
0.00649381
0.0103564
0.0499251
0.0121976
0.0270999
0.00559995
0.00806442
0.0648153
0.0663947
0.0270794
0.0336027
0.0451182
0.189104
0.0570688
0.0208646
0.00347085
0.0131882
0.00636657
0.00302046
0.00690099
0.0792603
0.0461059
0.00895397
0.0330392
0.0373979
0.0812743
0.00462129
0.00360021
0.00471524
0.021055
0.0170357
0.0527102
0.0105322
0.00796465
0.0251934
0.0132975
0.00347792
0.0107134
0.0436142
0.00512821
0.0100082
0.00564826
0.065444
0.0174594
0.00418529
0.0212074
0.0370498
0.233436
0.0192144
0.0104611
0.0177898
0.011182
0.0496665
0.0147381
0.00506868
0.00590644
0.0502723
0.0385404
0.0278644
0.209853
0.181542
0.00463569
0.020728
0.211773
0.00432389
0.0140227
0.0381219
0.0159806
0.0061983
0.301825
0.00844131
0.0287378
0.190152
0.0166913
0.0323216
0.0419859
0.0059143
0.2353
0.00877261
0.00681395
0.00459041
0.0778574
0.0270654
0.0251506
0.0323216
0.0792887
0.0034378
0.206018
0.0899559
0.00931501
0.00336878
0.244281
0.0868944
0.19928
0.0464642
0.0108426
0.146061
0.018003
0.0129927
0.035162
0.00876437
0.00706188
0.0704637
0.00397129
0.0552011
0.0283125
0.0431639
0.0162887
0.00883183
0.00430604
0.0244645
0.161137
0.121226
0.0192142
0.118699
0.0427107
0.0133159
0.017018
0.18269
0.220773
0.162515
0.0111377
0.0166281
0.00469799
0.0447367
0.00873528
0.176024
0.0110775
0.00483274
0.00973164
0.0647102
0.00505423
0.0163836
0.0144703
0.273177
0.0292282
0.00713645
0.00966962
0.0217983
0.195154
0.00729109
0.0728529
0.0134315
0.00247361
0.077843
0.0119348
0.00599714
0.0350953
0.0229379
0.0185117
0.0242599
0.0415708
0.449776
0.0131502
0.163618
0.00428358
0.0351742
0.0265843
0.104248
0.0263389
0.0191545
0.173268
0.00399662
0.104237
0.0376724
0.00449596
0.0211051
0.0114417
0.0131143
0.155815
0.00473793
0.178126
0.0157953
0.0115144
0.00308017
0.00349638
0.00403467
0.00393579
0.0316745
0.0115033
0.0925487
0.128349
0.00557825
0.0332262
0.0308967
0.0152008
0.24607
0.00545388
0.0228071
0.00752055
0.00479501
0.0128582
0.0113382
0.145751
0.00365673
0.0103137
0.0107973
0.0327944
0.0252128
0.196564
0.0385158
0.16305
0.096659
0.00416974
0.0045146
0.0118698
0.00770648
0.0234809
0.0134923
0.0172014
0.0281999
0.00352606
0.0105614
0.0597532
0.0102074
0.00396417
0.233061
0.0728908
0.0310019
0.0249619
0.0439657
0.187554
0.0262036
0.240621
0.0044492
0.00977295
0.00412314
0.247826
0.0167824
0.167764
0.0125804
0.00411476
0.10335
0.0114925
0.00388796
0.108683
0.170202
0.0142098
0.0145793
0.00849269
0.0135582
0.0103236
0.00599166
0.00418368
0.0595734
0.146061
0.0118402
0.0100556
0.0211097
0.0125716
0.017496
0.0377668
0.0178966
0.0036661
0.00457782
0.0113737
0.00498179
0.0172654
0.00673
0.0125984
0.0308726
0.0130919
0.0115144
0.0049973
0.00266124
0.0143198
0.148335
0.0270654
0.00735743
0.00877545
0.00628638
0.0189816
0.0291582
0.00490926
0.143362
0.187318
0.0223692
0.0084831
0.0631214
0.0179343
0.030227
0.00276464
0.00436573
0.00453135
0.0375147
0.0052147
0.00400303
0.0193355
0.0145868
0.0200983
0.0437218
0.0161203
0.0208924
0.00610779
0.00687249
0.00255744
0.00441708
0.0175516
0.0446131
0.00558011
0.0509024
0.0160579
0.0176356
0.00536668
0.00382478
0.00924992
0.0125388
0.0199626
0.277761
0.00434298
0.0668779
0.0152386
0.0113892
0.180297
0.00646827
0.152374
0.150324
0.109511
0.0112461
0.0047055
0.0027782
0.0177898
0.00518995
0.0051198
0.26738
0.0194082
0.00921633
0.00897163
0.232585
0.0176697
0.00266108
0.0141866
0.00352032
0.00923964
0.0454492
0.00686884
0.00281366
0.0103225
0.00431284
0.0193403
0.00458212
0.00686225
0.0266336
0.0414635
0.0178164
0.0126251
0.0282234
0.056186
0.101466
0.105947
0.00448041
0.119263
0.00435274
0.0101535
0.0305909
0.0196817
0.0144873
0.0105526
0.0172616
0.0569707
0.032018
0.00905749
0.0175263
0.011431
0.0271797
0.00253527
0.0326777
0.00433661
0.0440738
0.0153524
0.0201107
0.019946
0.00277075
0.158277
0.209372
0.0677443
0.0123904
0.0952329
0.0222517
0.00379417
0.0213972
0.143688
0.0193001
0.0386875
0.00481904
0.0588535
0.0133575
0.155815
0.232817
0.00619024
0.0120236
0.00484526
0.00375242
0.0115144
0.00586829
0.0660892
0.239744
0.00361595
0.0138479
0.154022
0.0042602
0.00805156
0.0184853
0.00473306
0.00534786
0.00577179
0.0242599
0.0987113
0.0047086
0.0366189
0.0468916
0.0161193
0.00377306
0.038505
0.0273902
0.0116169
0.0067115
0.00449884
0.0536887
0.0140357
0.0282786
0.0343281
0.00956211
0.00573431
0.00410517
0.0381415
0.00431231
0.0362655
0.005151
0.0580888
0.169171
0.00691736
0.0249735
0.0840222
0.11424
0.0168441
0.0057159
0.0213124
0.00365639
0.454488
0.00436839
0.00982301
0.00640754
0.00471939
0.012345
0.275979
0.1027
0.00921633
0.0047871
0.012123
0.0252107
0.239937
0.00929692
0.00328743
0.0397062
0.175209
0.00347792
0.0140675
0.108251
0.00686695
0.00383301
0.0054882
0.159495
0.021055
0.0133435
0.0383182
0.0088334
0.0295367
0.00364414
0.122066
0.00720512
0.0772464
0.00257846
0.00482324
0.0693567
0.02605
0.303445
0.0202114
0.0140752
0.200305
0.0634461
0.00521505
0.00422831
0.00348094
0.293279
0.00836715
0.0440996
0.071915
0.00483274
0.0178257
0.0188151
0.0908528
0.00336333
0.227236
0.00995617
0.0114479
0.00551743
0.00615291
0.172929
0.00494894
0.00420514
0.0118016
0.112628
0.0111476
0.0720754
0.00753353
0.0243038
0.00941969
0.0343172
0.023204
0.254169
0.010392
0.00347085
0.0972498
0.0211051
0.0151155
0.186235
0.0177898
0.00436175
0.0666729
0.0109167
0.0193559
0.0071167
0.00446409
0.0278798
0.00935836
0.0158085
0.143227
0.0167841
0.0239104
0.0352766
0.0626821
0.00973712
0.021055
0.00875586
0.18269
0.00374597
0.0345002
0.021067
0.00440552
0.211379
0.00495773
0.160698
0.00603312
0.0901251
0.0347284
0.00606174
0.00497905
0.0506869
0.019546
0.00417482
0.00353542
0.107343
0.0163839
0.0103576
0.0144164
0.00734359
0.0196256
0.0416387
0.00248963
0.155815
0.0188246
0.00975255
0.0163338
0.00264541
0.0279946
0.00512158
0.0236184
0.0138337
0.0158085
0.021055
0.0382093
0.0392857
0.00365567
0.00705435
0.038358
0.0261439
0.17979
0.0211051
0.0350976
0.0502056
0.00292274
0.00515891
0.0136386
0.0235289
0.0183002
0.015899
0.00528661
0.00517417
0.0288705
0.0177915
0.00284987
0.02334
0.00827102
0.0027725
0.0322799
0.0264664
0.0267781
0.0114376
0.0407759
0.0190821
0.0194516
0.331077
0.0477666
0.142136
0.0361688
0.0345243
0.0220307
0.00560384
0.0139745
0.241259
0.0216325
0.00368043
0.00417049
0.0361357
0.0215358
0.0112171
0.136642
0.0873275
0.00850194
0.0528657
0.00372265
0.0129983
0.005873
0.0164192
0.0590715
0.00521484
0.027095
0.00652761
0.00402368
0.00472884
0.211057
0.082085
0.199113
0.015868
0.0036918
0.0197585
0.00916721
0.021534
0.0187924
0.0166404
0.00475292
0.0406407
0.0562
0.00557129
0.204779
0.00283617
0.185722
0.0129669
0.00282469
0.00612529
0.150427
0.00485736
0.185406
0.0133304
0.223178
0.0133575
0.021055
0.0481823
0.00326508
0.00830171
0.00354768
0.0421709
0.00887823
0.00380815
0.0349382
0.00532306
0.221872
0.00991902
0.00360757
0.218958
0.00870087
0.0104339
0.00342694
0.00257319
0.032804
0.0465145
0.00343522
0.0211044
0.0584882
0.138828
0.0158085
0.0202222
0.013995
0.00347267
0.0244546
0.0351669
0.0104217
0.0130103
0.0109769
0.143293
0.0076626
0.0037554
0.0095681
0.0105157
0.178514
0.00620548
0.0025342
0.00367231
0.0197725
0.00890959
0.0790703
0.036877
0.0291251
0.00571871
0.0117532
0.00347792
0.0630799
0.0163385
0.00407858
0.0172182
0.0197556
0.0333471
0.197756
0.00505923
0.0125511
0.00638493
0.0102093
0.0102218
0.0286106
0.00510412
0.021055
0.00434071
0.0330037
0.00418056
0.00516609
0.00360021
0.0558377
0.0155771
0.021055
0.00585163
0.0384644
0.00518046
0.0114417
0.00432215
0.00521287
0.00583791
0.00368329
0.245709
0.00472884
0.0116075
0.0806921
0.00960624
0.00416533
0.0156865
0.00650483
0.00381455
0.00610145
0.0276056
0.0080518
0.175918
0.00417049
0.0186265
0.0398422
0.208215
0.021055
0.145112
0.0151529
0.0252175
0.169506
0.0354357
0.051172
0.0045164
0.00466075
0.0161099
0.00795677
0.111638
0.0143466
0.0146286
0.0227857
0.0312821
0.0352337
0.00480228
0.00595797
0.0446125
0.00940977
0.0233336
0.00272261
0.0898093
0.00638699
0.0099201
0.00250163
0.233479
0.0190669
0.0113367
0.0197412
0.00258796
0.00690319
0.0203127
0.0213106
0.0268899
0.00424653
0.0747722
0.0168348
0.021055
0.00787687
0.00465266
0.0175285
0.00559904
0.0179893
0.0381378
0.00478999
0.199395
0.197543
0.00645353
0.0282558
0.0116568
0.0229568
0.129118
0.143173
0.0180601
0.27709
0.0491126
0.00249935
0.0113025
0.180487
0.00937552
0.0151562
0.091224
0.026263
0.0102885
0.0445875
0.00437175
0.00502004
0.0901026
0.00492131
0.233854
0.0275425
0.00919348
0.104197
0.179225
0.0140731
0.0195649
0.067566
0.0114681
0.00285298
0.00991411
0.00347792
0.0323812
0.00823988
0.0374644
0.00304638
0.125655
0.00319928
0.0520326
0.00450605
0.0070606
0.0420588
0.00680159
0.180323
0.00999959
0.0343723
0.00616762
0.0118874
0.0363795
0.016458
0.123313
0.00772162
0.032804
0.204588
0.00274721
0.00365848
0.00725224
0.00416243
0.057262
0.0760757
0.0197955
0.0337778
0.0382832
0.0893055
0.0911762
0.0516094
0.0101421
0.0259285
0.0185076
0.20499
0.00372839
0.225581
0.0401814
0.0098798
0.00427803
0.00564825
0.0380661
0.00515055
0.00256069
0.0487608
0.0177243
0.00418474
0.0056682
0.00599082
0.021055
0.263239
0.0125771
0.00955402
0.0427937
0.0204811
0.00279499
0.0266758
0.0287472
0.00364344
0.015484
0.0121086
0.0212074
0.0197325
0.00299658
0.228931
0.00285306
0.0451336
0.0166913
0.0099278
0.00379039
0.00469042
0.00434511
0.0145316
0.00990102
0.00440917
0.0101935
0.00527107
0.00470818
0.0183667
0.0153897
0.0252175
0.0235105
0.00458564
0.0577272
0.0315106
0.0103384
0.03945
0.0173824
0.00284319
0.0158085
0.00418537
0.0474969
0.0221825
0.0115144
0.0027944
0.184548
0.0109489
0.0183045
0.00629079
0.0684802
0.0264676
0.0182502
0.0365062
0.0175628
0.024991
0.00772162
0.00590705
0.0119154
0.205918
0.00534691
0.00565658
0.00249078
0.239902
0.0679758
0.010076
0.0324558
0.00660603
0.0116005
0.23341
0.00260297
0.0120472
0.0108045
0.0068821
0.0109424
0.00864305
0.13978
0.0307138
0.0321428
0.0374516
0.0756468
0.0130856
0.0837615
0.02405
0.0503656
0.00405825
0.0106483
0.014497
0.0169157
0.0342368
0.0102896
0.00543499
0.00451057
0.012155
0.00465644
0.112721
0.0441091
0.063976
0.0414837
0.00319203
0.00248963
0.00293796
0.00343316
0.00368259
0.0184088
0.232986
0.00454858
0.0212105
0.0111396
0.0187021
0.0109756
0.00474759
0.0679083
0.0286129
0.0285084
0.0143547
0.00976405
0.00248366
0.0370203
0.015945
0.0100888
0.0702322
0.182362
0.0174412
0.00429647
0.00612764
0.00721791
0.0134067
0.021055
0.192412
0.00417488
0.0268954
0.00473016
0.177013
0.00453135
0.00559167
0.126022
0.00425636
0.00394497
0.0120424
0.187437
0.009095
0.00477383
0.0158085
0.01695
0.0589507
0.0559473
0.0463066
0.0217735
0.020592
0.00579355
0.00661761
0.0294774
0.0506869
0.0102928
0.0344059
0.032343
0.0398975
0.0317729
0.031904
0.00449159
0.00750974
0.0266728
0.0580017
0.010228
0.0311956
0.0088838
0.021313
0.085066
0.0737523
0.00349478
0.0513517
0.0167991
0.0114704
0.0103522
0.083141
0.0176301
0.0535977
0.0596652
0.0221924
0.00991411
0.0142765
0.0288014
0.0296037
0.00903596
0.170166
0.186645
0.00520537
0.12216
0.0225942
0.0337563
0.00609894
0.00616577
0.021055
0.108119
0.0239626
0.00481643
0.00545635
0.00797256
0.0326498
0.00904341
0.00494136
0.013115
0.0328733
0.0220628
0.00425636
0.00437957
0.00991411
0.0164561
0.0138604
0.00454656
0.00577364
0.00627631
0.0158085
0.018823
0.107343
0.0317444
0.0166439
0.033055
0.00715679
0.125065
0.253286
0.0250452
0.012837
0.0355324
0.0344812
0.00878726
0.0967754
0.0101508
0.0345914
0.151592
0.00992721
0.00309928
0.00584367
0.0114167
0.00970792
0.00664974
0.0334607
0.00704508
0.0350442
0.00365538
0.0122749
0.0180878
0.0123095
0.0762699
0.19928
0.00264506
0.0221635
0.00651536
0.00529237
0.0983912
0.0276999
0.0341625
0.00380642
0.00913784
0.010934
0.00478685
0.00913683
0.0247263
0.00316686
0.00674456
0.0603228
0.0125896
0.024065
0.0173886
0.169099
0.00646133
0.0649526
0.00474599
0.0173642
0.239119
0.0178851
0.0266782
0.118814
0.0115426
0.108556
0.0145
0.00450849
0.0263113
0.00263792
0.0349771
0.0386785
0.0108272
0.00983124
0.00687755
0.0202908
0.0147466
0.0140924
0.0088228
0.0902608
0.0069048
0.0120231
0.0751316
0.0134421
0.0212148
0.0126833
0.0633627
0.0759854
0.162857
0.00429647
0.108742
0.0422952
0.0330344
0.0113486
0.00426294
0.00515946
0.040622
0.0306867
0.0371839
0.017244
0.0367932
0.0062799
0.00465895
0.00275879
0.0199013
0.27806
0.00956211
0.0135307
0.15175
0.00595646
0.0395301
0.0291085
0.0146364
0.0142402
0.0327166
0.00888318
0.202488
0.00856216
0.0105216
0.0194497
0.0109368
0.0870808
0.0295955
0.00308289
0.00491322
0.0124778
0.0867255
0.005267
0.0238167
0.024757
0.00615225
0.00529029
0.00387805
0.0210021
0.00243841
0.0323216
0.0476373
0.00568548
0.140224
0.18385
0.00493438
0.0747737
0.219777
0.0111915
0.0129971
0.00349757
0.00264104
0.0199042
0.0121086
0.15833
0.00653938
0.190098
0.00453172
0.0245679
0.0047282
0.00483797
0.00779387
0.00491155
0.0138519
0.0589207
0.092153
0.00295713
0.0393434
0.0243261
0.00505222
0.12228
0.0406404
0.0165984
0.0167824
0.391678
0.24751
0.00538881
0.03234
0.198534
0.0345498
0.00584149
0.0274229
0.028621
0.0112527
0.0142751
0.0187239
0.00997143
0.292235
0.00441884
0.00417303
0.00459041
0.210815
0.0835982
0.019489
0.00453759
0.00414577
0.0542352
0.00418324
0.00734252
0.0112011
0.0552429
0.00472884
0.172776
0.00664104
0.0315774
0.0690843
0.0114986
0.0101447
0.0299998
0.100477
0.00450983
0.0066547
0.0694941
0.056743
0.204237
0.00814975
0.115652
0.00369541
0.0370648
0.00983211
0.125596
0.180297
0.0194516
0.00714847
0.0163887
0.0117559
0.00397568
0.0555744
0.0199505
0.19433
0.0355818
0.00352921
0.00382112
0.181542
0.00469914
0.00306657
0.0276626
0.107583
0.0637818
0.00394847
0.0096134
0.223386
0.156489
0.0029547
0.0252667
0.018969
0.0250656
0.021055
0.0224202
0.020669
0.0666887
0.0193789
0.0325382
0.00857775
0.088519
0.0109629
0.00438624
0.042972
0.00350678
0.0538837
0.0351058
0.00512183
0.00569591
0.03175
0.0221578
0.00639683
0.0174697
0.0108985
0.0227922
0.00941156
0.00343522
0.0228628
0.214877
0.00525242
0.011581
0.159579
0.0797113
0.0168557
0.00875765
0.0411028
0.160182
0.00678604
0.0167284
0.0780502
0.0188248
0.0522717
0.0387454
0.0232256
0.00405653
0.163288
0.00462124
0.0179846
0.00335149
0.00650668
0.0071442
0.0937779
0.0118402
0.0130809
0.00476556
0.0081075
0.0520417
0.0352795
0.00504049
0.00297546
0.146061
0.0628352
0.0285199
0.0326416
0.00593245
0.0376242
0.0620004
0.104848
0.0197328
0.0203253
0.0129807
0.0780502
0.0495551
0.0105612
0.0450222
0.00992698
0.0261755
0.0222933
0.0140209
0.095528
0.016458
0.0190956
0.00655826
0.0134625
0.0227763
0.00424473
0.00707684
0.0241686
0.013761
0.00837881
0.021709
0.00250334
0.0204464
0.0943216
0.0275757
0.213949
0.00571685
0.00430547
0.0166224
0.0335466
0.0238152
0.0983814
0.0233485
0.0635779
0.0257442
0.0054894
0.00259336
0.0834679
0.0359888
0.00260871
0.0509763
0.0506972
0.00992148
0.00282287
0.0248508
0.00267898
0.015868
0.0271803
0.010237
0.0108767
0.0357174
0.0762169
0.0651048
0.0466716
0.0672632
0.03155
0.0869016
0.178707
0.00440164
0.00487137
0.0118021
0.0273769
0.0178851
0.0167991
0.0146585
0.00896322
0.0165386
0.0177898
0.0422507
0.0132197
0.0173327
0.195553
0.005032
0.0178138
0.128909
0.00274944
0.00906481
0.199113
0.0177898
0.0302334
0.0368605
0.0199449
0.127053
0.188805
0.0612661
0.0345104
0.0121633
0.0346392
0.012146
0.00429637
0.00819712
0.00647481
0.00890864
0.0125919
0.00448831
0.00473016
0.0299954
0.00352329
0.0928072
0.0642406
0.13176
0.0567622
0.155815
0.0253069
0.0269863
0.00550473
0.00653938
0.0323285
0.0863944
0.021055
0.071092
0.163288
0.00549772
0.118323
0.0582029
0.00991411
0.00828123
0.00476331
0.00452668
0.155985
0.038508
0.0179533
0.0596359
0.0236792
0.00617878
0.043661
0.00672716
0.0225925
0.0194441
0.073875
0.00722079
0.00442187
0.0187753
0.229637
0.194292
0.0378764
0.0252663
0.00386148
0.13484
0.0114065
0.00371148
0.0275425
0.0104664
0.0104879
0.11043
0.0219343
0.197619
0.0354299
0.0172679
0.0729602
0.00560772
0.00443478
0.0213178
0.00351724
0.0238713
0.00869735
0.00261018
0.00376393
0.00331729
0.00456538
0.323352
0.0601087
0.0601087
0.0305227
0.00342694
0.0231456
0.00617336
0.0172381
0.00870677
0.0116005
0.0316317
0.0205783
0.00250334
0.00345944
0.00798048
0.0123946
0.0605563
0.0636896
0.0666889
0.181542
0.0110453
0.00456908
0.00423078
0.013477
0.00744093
0.0179619
0.00581615
0.038977
0.0102516
0.0269832
0.00452596
0.00306874
0.00329018
0.00619981
0.0153775
0.00962927
0.0695041
0.0190296
0.0522218
0.00516609
0.0103403
0.0270495
0.0429191
0.0112151
0.0186456
0.0601235
0.00595042
0.169746
0.0321058
0.00492205
0.00633668
0.00670005
0.00994795
0.0277803
0.0100991
0.0367282
0.00574703
0.0152424
0.0265089
0.0392391
0.0108045
0.0557312
0.0945538
0.00889528
0.0398111
0.00378255
0.0197325
0.0109396
0.00274146
0.0247417
0.00835175
0.00699804
0.0140908
0.0467921
0.00382316
0.268085
0.00248366
0.123334
0.00938599
0.00893609
0.0388967
0.00445589
0.0035134
0.00447921
0.00662595
0.0117032
0.00452039
0.294137
0.0167824
0.0158085
0.179122
0.00427803
0.00528682
0.00453135
0.158318
0.0114751
0.0243298
0.00461797
0.081085
0.227859
0.00499265
0.0372262
0.00940832
0.0177898
0.0756121
0.202122
0.168001
0.0166196
0.0199042
0.0951374
0.0105651
0.00251688
0.00641544
0.00435118
0.192245
0.00815757
0.00539607
0.194658
0.0236551
0.140245
0.0427076
0.00500799
0.0332962
0.0191605
0.00460122
0.00901087
0.00832635
0.00564836
0.0136975
0.00516609
0.00406218
0.0321173
0.00523201
0.0275533
0.0167034
0.00650998
0.00393376
0.0856332
0.00805863
0.00476402
0.00854328
0.0437778
0.00406857
0.00581391
0.00497193
0.0110495
0.0384199
0.126058
0.0041453
0.0167962
0.00460665
0.260002
0.0359364
0.0138339
0.058857
0.01076
0.00959252
0.00431361
0.0158085
0.00726
0.114982
0.0323256
0.00644958
0.00363645
0.219953
0.0093984
0.214052
0.00247727
0.00664127
0.00725276
0.0160228
0.0180156
0.00504997
0.0790968
0.0223341
0.0119067
0.0911255
0.00528682
0.071931
0.044457
0.0565139
0.00946177
0.00770925
0.0141466
0.00283705
0.00407858
0.152214
0.0434645
0.0621823
0.0346392
0.0165796
0.00424
0.0172165
0.00556488
0.0489485
0.0143836
0.018143
0.00439558
0.0878165
0.0576298
0.00674817
0.0105142
0.216226
0.0219959
0.00633848
0.0112504
0.0109054
0.101303
0.00249403
0.00348982
0.00601719
0.0443194
0.285908
0.0102516
0.00801851
0.00956074
0.0258556
0.0354794
0.0374768
0.0284573
0.00417144
0.00713131
0.265403
0.217169
0.0492194
0.00460347
0.106783
0.00771595
0.00272411
0.00607946
0.00552184
0.243066
0.0182839
0.00432452
0.00454589
0.00708739
0.00966985
0.0279828
0.0128576
0.00273733
0.00457359
0.141582
0.0122282
0.0326062
0.108264
0.00811799
0.0263065
0.0558116
0.00592991
0.0184473
0.00446211
0.0237171
0.00285779
0.00445067
0.0158139
0.00557338
0.00936809
0.0692743
0.234215
0.0146602
0.0471184
0.100328
0.0372431
0.0161741
0.0256741
0.114979
0.0433071
0.0354046
0.00692463
0.191799
0.178241
0.0330774
0.00645899
0.0518669
0.00404664
0.00477383
0.0189073
0.00530825
0.00597302
0.0658139
0.00956211
0.0559552
0.0826909
0.22191
0.021055
0.0860244
0.00302424
0.00347792
0.0095718
0.0850243
0.021055
0.0115123
0.226867
0.00250334
0.00464968
0.0039765
0.231152
0.0119204
0.00424713
0.0177934
0.00390697
0.00468032
0.0374966
0.0126699
0.021055
0.12157
0.0360808
0.111861
0.040987
0.0458749
0.0821584
0.00796656
0.0804874
0.163599
0.0255732
0.143382
0.0365053
0.0103974
0.191561
0.0180421
0.022844
0.00371457
0.0733044
0.00278659
0.0130224
0.00473561
0.0356545
0.00809964
0.187472
0.016268
0.00838908
0.00394039
0.00260342
0.180297
0.0180492
0.00407519
0.0177898
0.0195961
0.0177898
0.0093161
0.0261807
0.00918623
0.00345194
0.00352756
0.00573647
0.0291582
0.0114925
0.00804724
0.0426826
0.122989
0.0175048
0.00678039
0.0341555
0.00416851
0.156568
0.0539398
0.00868584
0.0359847
0.0311893
0.0378444
0.0228338
0.142011
0.237576
0.0514738
0.120008
0.187594
0.0398711
0.0701025
0.245539
0.0072572
0.0153258
0.261607
0.163229
0.0130576
0.0427738
0.00363639
0.0128904
0.0382404
0.020662
0.0201169
0.0123012
0.00347267
0.00310217
0.00445389
0.00538003
0.165886
0.00343953
0.00282118
0.058461
0.0219044
